sunpy/sun/data/chromosphere_avrett_Loeser_2008_model.ecsv
# %ECSV 1.0
# ---
# datatype:
# - {name: cell, datatype: int64}
# - {name: h, unit: km, datatype: float64}
# - {name: m, unit: g / cm2, datatype: float64}
# - {name: T, unit: K, datatype: float64}
# - {name: V, unit: km / s, datatype: float64}
# - {name: p_g, unit: dyn / cm2, datatype: float64}
# - {name: p_tot, unit: dyn / cm2, datatype: float64}
# - {name: n_H, unit: 1 / cm3, datatype: float64}
# - {name: n_HI, unit: 1 / cm3, datatype: float64}
# - {name: n_e, unit: 1 / cm3, datatype: float64}
# meta: !!omap
# - __serialized_columns__:
#     T:
#       __class__: astropy.units.quantity.Quantity
#       unit: !astropy.units.Unit {unit: K}
#       value: !astropy.table.SerializedColumn {name: T}
#     V:
#       __class__: astropy.units.quantity.Quantity
#       unit: !astropy.units.Unit {unit: km / s}
#       value: !astropy.table.SerializedColumn {name: V}
#     h:
#       __class__: astropy.units.quantity.Quantity
#       unit: !astropy.units.Unit {unit: km}
#       value: !astropy.table.SerializedColumn {name: h}
#     m:
#       __class__: astropy.units.quantity.Quantity
#       unit: !astropy.units.Unit {unit: g / cm2}
#       value: !astropy.table.SerializedColumn {name: m}
#     n_H:
#       __class__: astropy.units.quantity.Quantity
#       unit: !astropy.units.Unit {unit: 1 / cm3}
#       value: !astropy.table.SerializedColumn {name: n_H}
#     n_HI:
#       __class__: astropy.units.quantity.Quantity
#       unit: !astropy.units.Unit {unit: 1 / cm3}
#       value: !astropy.table.SerializedColumn {name: n_HI}
#     n_e:
#       __class__: astropy.units.quantity.Quantity
#       unit: !astropy.units.Unit {unit: 1 / cm3}
#       value: !astropy.table.SerializedColumn {name: n_e}
#     p_g:
#       __class__: astropy.units.quantity.Quantity
#       unit: !astropy.units.Unit {unit: dyn / cm2}
#       value: !astropy.table.SerializedColumn {name: p_g}
#     p_tot:
#       __class__: astropy.units.quantity.Quantity
#       unit: !astropy.units.Unit {unit: dyn / cm2}
#       value: !astropy.table.SerializedColumn {name: p_tot}
# schema: astropy-2.0
cell h m T V p_g p_tot n_H n_HI n_e
1 68084.4 1.178e-06 1586000.0 34.0 0.03142 0.03227 62330000.0 8.86 74910000.0
2 47009.3 1.553e-06 1410000.0 34.0 0.04131 0.04256 92170000.0 15.22 110800000.0
3 36079.5 1.82e-06 1294000.0 34.0 0.04827 0.04986 117400000.0 21.64 141100000.0
4 26676.6 2.112e-06 1170000.0 34.0 0.05583 0.05787 150200000.0 31.52 180500000.0
5 21133.1 2.325e-06 1080000.0 34.0 0.06127 0.06369 178600000.0 41.63 214700000.0
6 15392.0 2.592e-06 963700.0 34.0 0.06801 0.07102 222100000.0 60.13 266900000.0
7 11596.2 2.808e-06 865000.0 34.0 0.07333 0.07694 266700000.0 83.48 320600000.0
8 8974.24 2.986e-06 778300.0 34.0 0.07756 0.0818 313500000.0 113.3 376800000.0
9 7360.82 3.112e-06 711700.0 34.0 0.08044 0.08526 355600000.0 145.5 427400000.0
10 5762.83 3.256e-06 629300.0 34.0 0.08355 0.0892 417700000.0 203.4 502100000.0
11 4968.64 3.338e-06 577400.0 34.0 0.08516 0.09145 464100000.0 256.0 557800000.0
12 4295.86 3.415e-06 524300.0 34.0 0.08653 0.09356 519300000.0 330.3 624200000.0
13 3752.71 3.485e-06 471600.0 34.0 0.08757 0.09548 584200000.0 436.1 702200000.0
14 3424.99 3.532e-06 432900.0 34.0 0.0881 0.09677 640300000.0 545.7 769500000.0
15 3133.79 3.578e-06 392000.0 34.0 0.08842 0.09803 709600000.0 708.2 852900000.0
16 2970.76 3.606e-06 365000.0 34.0 0.08847 0.09879 762500000.0 854.9 916500000.0
17 2844.4 3.629e-06 341300.0 34.0 0.0884 0.09943 814900000.0 1022.0 979400000.0
18 2761.49 3.645e-06 324000.0 34.0 0.08827 0.09988 857100000.0 1174.0 1030000000.0
19 2688.1 3.661e-06 307300.0 34.0 0.08808 0.1003 901800000.0 1353.0 1084000000.0
20 2628.32 3.674e-06 292500.0 34.0 0.08785 0.1006 945100000.0 1546.0 1136000000.0
21 2578.23 3.685e-06 279000.0 34.0 0.08758 0.101 987600000.0 1757.0 1187000000.0
22 2535.47 3.695e-06 266700.0 33.72 0.08748 0.1012 1032000000.0 1993.0 1240000000.0
23 2495.56 3.705e-06 254400.0 33.32 0.08744 0.1015 1082000000.0 2279.0 1300000000.0
24 2457.9 3.715e-06 241900.0 32.89 0.08737 0.1018 1137000000.0 2632.0 1366000000.0
25 2418.66 3.725e-06 227800.0 32.38 0.08726 0.1021 1205000000.0 3132.0 1448000000.0
26 2378.19 3.737e-06 212000.0 31.77 0.0871 0.1024 1293000000.0 3873.0 1554000000.0
27 2346.1 3.747e-06 198100.0 31.21 0.08692 0.1027 1380000000.0 4740.0 1659000000.0
28 2325.78 3.754e-06 188600.0 30.8 0.08677 0.1029 1447000000.0 5502.0 1739000000.0
29 2308.55 3.76e-06 180100.0 30.41 0.08662 0.103 1513000000.0 6347.0 1819000000.0
30 2294.37 3.765e-06 172600.0 30.06 0.08647 0.1032 1576000000.0 7241.0 1894000000.0
31 2282.38 3.77e-06 166000.0 29.73 0.08633 0.1033 1637000000.0 8195.0 1966000000.0
32 2269.69 3.775e-06 158600.0 29.36 0.08615 0.1034 1710000000.0 9482.0 2054000000.0
33 2259.43 3.779e-06 152300.0 29.02 0.08599 0.1035 1778000000.0 10820.0 2135000000.0
34 2251.64 3.782e-06 147200.0 28.74 0.08586 0.1036 1836000000.0 12090.0 2205000000.0
35 2243.32 3.786e-06 141600.0 28.42 0.08569 0.1037 1905000000.0 13770.0 2288000000.0
36 2235.29 3.789e-06 135800.0 28.08 0.08552 0.1038 1982000000.0 15820.0 2379000000.0
37 2227.74 3.793e-06 130200.0 27.74 0.08531 0.1039 2064000000.0 18310.0 2477000000.0
38 2220.04 3.797e-06 124000.0 27.38 0.08506 0.104 2160000000.0 21650.0 2592000000.0
39 2213.74 3.8e-06 118700.0 27.04 0.08483 0.1041 2251000000.0 25310.0 2700000000.0
40 2207.66 3.803e-06 113200.0 26.69 0.08457 0.1042 2353000000.0 29960.0 2821000000.0
41 2201.92 3.806e-06 107800.0 26.31 0.0843 0.1043 2465000000.0 35950.0 2953000000.0
42 2196.52 3.81e-06 102300.0 25.91 0.08401 0.1044 2589000000.0 43750.0 3099000000.0
43 2191.46 3.813e-06 96860.0 25.49 0.0837 0.1045 2727000000.0 54040.0 3259000000.0
44 2186.08 3.816e-06 90640.0 24.98 0.08332 0.1046 2904000000.0 70530.0 3463000000.0
45 2182.44 3.819e-06 86120.0 24.59 0.08303 0.1046 3049000000.0 87660.0 3628000000.0
46 2178.74 3.822e-06 81220.0 24.14 0.08269 0.1047 3225000000.0 114100.0 3827000000.0
47 2175.28 3.824e-06 76330.0 23.66 0.08234 0.1048 3422000000.0 161100.0 4049000000.0
48 2172.32 3.827e-06 71810.0 23.19 0.082 0.1048 3628000000.0 250100.0 4280000000.0
49 2169.99 3.829e-06 68000.0 22.77 0.0817 0.1049 3822000000.0 405400.0 4497000000.0
50 2167.69 3.831e-06 63950.0 22.29 0.08137 0.105 4054000000.0 764400.0 4757000000.0
51 2166.03 3.833e-06 60790.0 21.89 0.08112 0.105 4255000000.0 1319000.0 4984000000.0
52 2164.56 3.834e-06 57790.0 21.49 0.08088 0.105 4468000000.0 2253000.0 5222000000.0
53 2163.29 3.835e-06 55020.0 21.1 0.08065 0.1051 4684000000.0 3680000.0 5464000000.0
54 2162.29 3.837e-06 52690.0 20.75 0.08046 0.1051 4885000000.0 5494000.0 5687000000.0
55 2161.26 3.838e-06 50140.0 20.36 0.08025 0.1051 5127000000.0 8397000.0 5955000000.0
56 2160.63 3.838e-06 48490.0 20.09 0.08012 0.1052 5297000000.0 10950000.0 6142000000.0
57 2160.01 3.839e-06 46800.0 19.8 0.07999 0.1052 5484000000.0 14280000.0 6348000000.0
58 2159.42 3.84e-06 45140.0 19.51 0.07986 0.1052 5683000000.0 18320000.0 6565000000.0
59 2158.84 3.841e-06 43400.0 19.19 0.07974 0.1052 5908000000.0 23520000.0 6809000000.0
60 2158.21 3.842e-06 41450.0 18.82 0.0796 0.1053 6185000000.0 30920000.0 7107000000.0
61 2157.57 3.843e-06 39400.0 18.4 0.07948 0.1053 6508000000.0 40680000.0 7454000000.0
62 2156.82 3.844e-06 36870.0 17.85 0.07935 0.1053 6958000000.0 56050000.0 7933000000.0
63 2156.16 3.845e-06 34580.0 17.29 0.07931 0.1053 7433000000.0 74230000.0 8434000000.0
64 2155.5 3.846e-06 32260.0 16.7 0.07927 0.1054 7985000000.0 97980000.0 9013000000.0
65 2154.73 3.848e-06 29500.0 15.98 0.07922 0.1054 8757000000.0 134900000.0 9815000000.0
66 2154.07 3.849e-06 27130.0 15.33 0.07916 0.1055 9547000000.0 176300000.0 10630000000.0
67 2153.48 3.85e-06 25120.0 14.78 0.07907 0.1055 10330000000.0 221000000.0 11440000000.0
68 2152.87 3.852e-06 23100.0 14.22 0.07891 0.1055 11250000000.0 276900000.0 12370000000.0
69 2152.03 3.854e-06 20510.0 13.46 0.07869 0.1056 12690000000.0 380900000.0 13830000000.0
70 2151.16 3.857e-06 18140.0 12.72 0.07844 0.1057 14370000000.0 541200000.0 15500000000.0
71 2150.12 3.861e-06 15760.0 11.92 0.07811 0.1058 16630000000.0 878700000.0 17610000000.0
72 2148.65 3.867e-06 13200.0 10.98 0.07756 0.106 20090000000.0 1749000000.0 20460000000.0
73 2147.05 3.876e-06 10980.0 10.27 0.07565 0.1062 24690000000.0 4413000000.0 22740000000.0
74 2145.16 3.888e-06 9115.0 9.422 0.07338 0.1065 31870000000.0 11650000000.0 23250000000.0
75 2141.93 3.915e-06 7950.0 8.868 0.07239 0.1073 37840000000.0 16930000000.0 24320000000.0
76 2138.0 3.951e-06 7248.0 8.535 0.07238 0.1083 42040000000.0 19540000000.0 26080000000.0
77 2136.0 3.971e-06 6992.0 8.401 0.07253 0.1088 43880000000.0 20660000000.0 26860000000.0
78 2134.0 3.992e-06 6870.0 8.328 0.07288 0.1094 44930000000.0 21180000000.0 27410000000.0
79 2132.0 4.014e-06 6800.0 8.279 0.07331 0.11 45650000000.0 21470000000.0 27870000000.0
80 2130.0 4.035e-06 6768.0 8.247 0.07381 0.1106 46120000000.0 21570000000.0 28260000000.0
81 2126.0 4.079e-06 6740.0 8.199 0.07486 0.1117 46850000000.0 21670000000.0 28910000000.0
82 2120.0 4.145e-06 6718.0 8.134 0.07649 0.1136 47830000000.0 21760000000.0 29850000000.0
83 2110.0 4.259e-06 6706.0 8.033 0.07932 0.1167 49440000000.0 22040000000.0 31280000000.0
84 2098.0 4.401e-06 6700.0 7.901 0.08289 0.1206 51530000000.0 22580000000.0 32930000000.0
85 2083.0 4.587e-06 6694.0 7.729 0.08761 0.1257 54380000000.0 23510000000.0 34980000000.0
86 2055.0 4.963e-06 6686.0 7.403 0.09719 0.136 60420000000.0 25830000000.0 38830000000.0
87 2024.0 5.43e-06 6680.0 7.031 0.1091 0.1488 68430000000.0 29160000000.0 43070000000.0
88 1989.0 6.034e-06 6674.0 6.617 0.1247 0.1653 79170000000.0 34470000000.0 48260000000.0
89 1946.0 6.91e-06 6667.0 6.118 0.1475 0.1893 95430000000.0 43710000000.0 55260000000.0
90 1894.0 8.221e-06 6660.0 5.542 0.1817 0.2253 121000000000.0 60050000000.0 64500000000.0
91 1820.0 1.074e-05 6652.0 4.776 0.248 0.2942 173000000000.0 98430000000.0 79690000000.0
92 1722.0 1.589e-05 6643.0 3.939 0.3832 0.4353 286400000000.0 191600000000.0 102700000000.0
93 1617.0 2.546e-05 6633.0 3.165 0.6368 0.6975 517000000000.0 401200000000.0 126700000000.0
94 1520.0 4.136e-05 6623.0 2.576 1.061 1.133 925600000000.0 795600000000.0 142300000000.0
95 1398.0 8.131e-05 6610.0 1.804 2.151 2.228 2012000000000.0 1880000000000.0 143800000000.0
96 1299.0 0.0001463 6598.0 1.39 3.923 4.009 3780000000000.0 3641000000000.0 148900000000.0
97 1214.0 0.0002461 6576.0 1.159 6.64 6.742 6488000000000.0 6322000000000.0 176000000000.0
98 1143.0 0.000383 6531.0 0.99 10.38 10.49 10280000000000.0 10090000000000.0 199500000000.0
99 1101.0 0.0004997 6474.0 0.8959 13.56 13.69 13600000000000.0 13400000000000.0 210400000000.0
100 1065.0 0.0006299 6400.0 0.8235 17.12 17.26 17420000000000.0 17220000000000.0 209100000000.0
101 1032.0 0.0007814 6315.0 0.7647 21.26 21.41 21980000000000.0 21790000000000.0 202100000000.0
102 1003.0 0.0009476 6225.0 0.7193 25.8 25.96 27110000000000.0 26930000000000.0 190300000000.0
103 971.0 0.001177 6100.0 0.6885 32.06 32.25 34450000000000.0 34280000000000.0 172700000000.0
104 946.0 0.0014 5969.0 0.6722 38.13 38.35 41930000000000.0 41780000000000.0 151300000000.0
105 900.0 0.001947 5720.0 0.6411 53.06 53.35 60970000000000.0 60860000000000.0 116200000000.0
106 854.0 0.002753 5430.0 0.6079 75.04 75.43 90920000000000.0 90850000000000.0 80550000000.0
107 800.0 0.00424 5090.0 0.5634 115.6 116.2 149500000000000.0 149500000000000.0 54580000000.0
108 750.0 0.00648 4840.0 0.5201 176.8 177.5 240500000000000.0 240400000000000.0 47620000000.0
109 700.0 0.01011 4640.0 0.4738 275.9 276.9 391400000000000.0 391400000000000.0 51590000000.0
110 660.0 0.01461 4510.0 0.439 399.0 400.4 582500000000000.0 582500000000000.0 64240000000.0
111 615.0 0.02234 4435.0 0.4064 610.2 612.0 905900000000000.0 905800000000000.0 91630000000.0
112 560.0 0.03778 4400.0 0.3755 1032.0 1035.0 1545000000000000.0 1545000000000000.0 146700000000.0
113 525.0 0.05282 4410.0 0.3609 1444.0 1447.0 2156000000000000.0 2155000000000000.0 199600000000.0
114 490.0 0.07376 4435.0 0.3501 2017.0 2021.0 2994000000000000.0 2993000000000000.0 271800000000.0
115 450.0 0.1077 4485.0 0.342 2945.0 2951.0 4324000000000000.0 4322000000000000.0 387100000000.0
116 400.0 0.1715 4590.0 0.3381 4690.0 4699.0 6729000000000000.0 6726000000000000.0 603400000000.0
117 350.0 0.2701 4700.0 0.3412 7387.0 7401.0 1.035e+16 1.034e+16 933700000000.0
118 300.0 0.4211 4805.0 0.3667 11510.0 11540.0 1.578e+16 1.577e+16 1433000000000.0
119 250.0 0.65 4907.0 0.4919 17740.0 17810.0 2.381e+16 2.379e+16 2182000000000.0
120 200.0 0.9933 5010.0 0.6882 27020.0 27210.0 3.552e+16 3.549e+16 3308000000000.0
121 175.0 1.223 5080.0 0.7918 33190.0 33500.0 4.303e+16 4.299e+16 4102000000000.0
122 150.0 1.5 5165.0 0.9003 40600.0 41090.0 5.178e+16 5.173e+16 5132000000000.0
123 125.0 1.831 5288.0 1.023 49420.0 50170.0 6.156e+16 6.15e+16 6596000000000.0
124 100.0 2.223 5431.0 1.153 59790.0 60920.0 7.251e+16 7.244e+16 8748000000000.0
125 75.0 2.683 5607.0 1.286 71860.0 73500.0 8.441e+16 8.434e+16 12330000000000.0
126 50.0 3.213 5826.0 1.434 85700.0 88040.0 9.687e+16 9.68e+16 19090000000000.0
127 35.0 3.567 6006.0 1.522 94890.0 97720.0 1.04e+17 1.04e+17 27290000000000.0
128 20.0 3.944 6231.0 1.601 104700.0 108100.0 1.107e+17 1.106e+17 42580000000000.0
129 10.0 4.208 6397.0 1.651 111600.0 115300.0 1.149e+17 1.148e+17 58930000000000.0
130 0.0 4.482 6583.0 1.696 118800.0 122800.0 1.188e+17 1.187e+17 83970000000000.0
131 -10.0 4.765 6780.0 1.763 126100.0 130500.0 1.223e+17 1.222e+17 120600000000000.0
132 -20.0 5.055 7020.0 1.835 133600.0 138500.0 1.251e+17 1.249e+17 182800000000000.0
133 -30.0 5.351 7280.0 1.912 141100.0 146600.0 1.274e+17 1.271e+17 279400000000000.0
134 -40.0 5.651 7590.0 1.986 148900.0 154800.0 1.287e+17 1.283e+17 446500000000000.0
135 -50.0 5.954 7900.0 2.0 157000.0 163100.0 1.303e+17 1.296e+17 691000000000000.0
136 -60.0 6.261 8220.0 2.0 165400.0 171500.0 1.315e+17 1.305e+17 1050000000000000.0
137 -70.0 6.57 8540.0 2.0 173800.0 180000.0 1.326e+17 1.311e+17 1547000000000000.0
138 -80.0 6.882 8850.0 2.0 182300.0 188600.0 1.336e+17 1.315e+17 2196000000000000.0
139 -90.0 7.197 9120.0 2.0 190900.0 197200.0 1.351e+17 1.322e+17 2929000000000000.0
140 -100.0 7.515 9380.0 2.0 199500.0 205900.0 1.366e+17 1.328e+17 3808000000000000.0
